1428501761.000000, IBI
43.533243,0.718783
106.098608,0.640654
106.723636,0.625029
117.442877,0.656280
118.021028,0.578151
118.692934,0.671906
119.333588,0.640654
119.880488,0.546900
124.411946,0.640654
135.006181,0.703157
135.631209,0.625029
136.271864,0.640654
136.896892,0.625029
137.521921,0.625029
138.178201,0.656280
138.803230,0.625029
139.397007,0.593777
140.068913,0.671906
144.819130,0.656280
145.506661,0.687531
146.131690,0.625029
146.850473,0.718783
147.522379,0.671906
148.194284,0.671906
148.803687,0.609403
149.428716,0.625029
150.100622,0.671906
150.756902,0.656280
154.569576,0.703157
155.272733,0.703157
155.975891,0.703157
161.523020,0.671906
162.194925,0.671906
162.882457,0.687531
163.585614,0.703157
164.273145,0.687531
173.976715,0.625029
174.617369,0.640654
175.273649,0.656280
175.883052,0.609403
176.508080,0.625029
177.117483,0.609403
177.789389,0.671906
178.383166,0.593777
188.414876,0.609403
189.102407,0.687531
189.696184,0.593777
190.321213,0.625029
190.946241,0.625029
191.555644,0.609403
192.211924,0.656280
192.868204,0.656280
193.602613,0.734409
194.352647,0.750034
195.165184,0.812537
198.743473,0.718783
199.415379,0.671906
200.087285,0.671906
200.837319,0.750034
201.477973,0.640654
202.118628,0.640654
202.774908,0.656280
203.384311,0.609403
204.134345,0.750034
204.868754,0.734409
205.431279,0.562526
206.134437,0.703157
206.806342,0.671906
207.493874,0.687531
208.259534,0.765660
208.900188,0.640654
209.587720,0.687531
210.275251,0.687531
210.947157,0.671906
211.572186,0.625029
212.197214,0.625029
212.853494,0.656280
223.244595,0.671906
228.791724,0.593777
229.463629,0.671906
230.119910,0.656280
230.807441,0.687531
231.463721,0.656280
232.135627,0.671906
232.823158,0.687531
233.432561,0.609403
234.104467,0.671906
234.713870,0.609403
235.385776,0.671906
235.979553,0.593777
236.604581,0.625029
237.229610,0.625029
237.870264,0.640654
238.479667,0.609403
239.120322,0.640654
239.729724,0.609403
252.449057,0.593777
261.340089,0.640654
261.980743,0.640654
270.590512,0.671906
271.199915,0.609403
271.793692,0.593777
272.481224,0.687531
273.121878,0.640654
284.903667,0.593777
285.528696,0.625029
286.138099,0.609403
286.794379,0.656280
290.607053,0.609403
291.247708,0.640654
291.872736,0.625029
292.529016,0.656280
293.169671,0.640654
293.747822,0.578151
294.388476,0.640654
295.091634,0.703157
295.716662,0.625029
301.373171,0.640654
304.482688,0.656280
305.060840,0.578151
305.685869,0.625029
306.295271,0.609403
306.967177,0.671906
307.623457,0.656280
308.248486,0.625029
308.889140,0.640654
309.545420,0.656280
310.170449,0.625029
310.779852,0.609403
311.373629,0.593777
312.014283,0.640654
312.639312,0.625029
313.342469,0.703157
316.405109,0.656280
317.139518,0.734409
317.780172,0.640654
318.420826,0.640654
319.077106,0.656280
319.733387,0.656280
322.874155,0.609403
323.530435,0.656280
324.171090,0.640654
324.811744,0.640654
325.514901,0.703157
328.733799,0.671906
331.874567,0.625029
332.499596,0.625029
333.140250,0.640654
333.812156,0.671906
334.499687,0.687531
335.155967,0.656280
342.468802,0.640654
343.109457,0.640654
343.765737,0.656280
344.531397,0.765660
345.125174,0.593777
345.797080,0.671906
349.531626,0.609403
350.172280,0.640654
350.656677,0.484397
351.328583,0.671906
354.500603,0.640654
355.172509,0.671906
355.891292,0.718783
359.063312,0.625029
359.657089,0.593777
360.282118,0.625029
360.938398,0.656280
361.579052,0.640654
362.188455,0.609403
362.813483,0.625029
363.469764,0.656280
364.172921,0.703157
364.797949,0.625029
365.454229,0.656280
366.110509,0.656280
366.798041,0.687531
370.048190,0.671906
373.938993,0.656280
374.548396,0.609403
375.204676,0.656280
375.829704,0.625029
376.470359,0.640654
377.126639,0.656280
377.736042,0.609403
378.423573,0.687531
379.064227,0.640654
379.673630,0.609403
380.314285,0.640654
380.954939,0.640654
384.892619,0.609403
385.533273,0.640654
386.220805,0.687531
386.877085,0.656280
387.486488,0.609403
388.080265,0.593777
388.720919,0.640654
389.345948,0.625029
389.955351,0.609403
390.533502,0.578151
391.142905,0.609403
391.799185,0.656280
392.377337,0.578151
392.986740,0.609403
393.596143,0.609403
394.283674,0.687531
394.908703,0.625029
395.533731,0.625029
396.158760,0.625029
396.830666,0.671906
397.471320,0.640654
398.111974,0.640654
398.752629,0.640654
399.424534,0.671906
400.049563,0.625029
400.658966,0.609403
401.268369,0.609403
401.940274,0.671906
402.612180,0.671906
403.221583,0.609403
403.862237,0.640654
404.518517,0.656280
405.159172,0.640654
405.784200,0.625029
412.737644,0.625029
413.378298,0.640654
414.003327,0.625029
414.690858,0.687531
415.300261,0.609403
415.925290,0.625029
416.581570,0.656280
417.237850,0.656280
417.847253,0.609403
418.487907,0.640654
419.159813,0.671906
419.847344,0.687531
420.534876,0.687531
421.113027,0.578151
421.738056,0.625029
422.394336,0.656280
423.113119,0.718783
423.769399,0.656280
424.394427,0.625029
425.019456,0.625029
425.628859,0.609403
429.535288,0.687531
435.723071,0.578151
436.348099,0.625029
437.020005,0.671906
437.691911,0.671906
438.301314,0.609403
438.926342,0.625029
439.566997,0.640654
440.223277,0.656280
440.910808,0.687531
441.520211,0.609403
442.129614,0.609403
442.723391,0.593777
443.379671,0.656280
444.020326,0.640654
444.614103,0.593777
445.223506,0.609403
445.879786,0.656280
446.536066,0.656280
447.161094,0.625029
447.786123,0.625029
448.395526,0.609403
449.051806,0.656280
449.692460,0.640654
450.301863,0.609403
450.911266,0.609403
451.551920,0.640654
452.208200,0.656280
455.458349,0.593777
456.099004,0.640654
456.739658,0.640654
457.380312,0.640654
458.005341,0.625029
458.630369,0.625029
459.177269,0.546900
459.771047,0.593777
460.364824,0.593777
461.005478,0.640654
461.599255,0.593777
462.208658,0.609403
462.864938,0.656280
463.536844,0.671906
464.255627,0.718783
467.458899,0.656280
468.037050,0.578151
468.662079,0.625029
469.287107,0.625029
469.959013,0.671906
501.585461,0.687531
502.241741,0.656280
502.866770,0.625029
503.523050,0.656280
504.163704,0.640654
512.460959,0.609403
517.133048,0.750034
525.539682,0.640654
526.195962,0.656280
526.820991,0.625029
527.508523,0.687531
528.164803,0.656280
528.789831,0.625029
529.430485,0.640654
530.055514,0.625029
530.696168,0.640654
531.352448,0.656280
531.930600,0.578151
532.618131,0.687531
535.837029,0.656280
536.462057,0.625029
537.118337,0.656280
537.790243,0.671906
538.446523,0.656280
539.102803,0.656280
539.759083,0.656280
540.399738,0.640654
541.071643,0.671906
541.712298,0.640654
542.368578,0.656280
543.040483,0.671906
543.681138,0.640654
544.321792,0.640654
544.978072,0.656280
545.618726,0.640654
550.665833,0.609403
551.259610,0.593777
551.915890,0.656280
552.540918,0.625029
553.228450,0.687531
556.400470,0.562526
557.088001,0.687531
557.728656,0.640654
560.806922,0.625029
561.447576,0.640654
562.056979,0.609403
575.963866,0.671906
576.635771,0.671906
577.307677,0.671906
577.917080,0.609403
578.588986,0.671906
579.182763,0.593777
579.839043,0.656280
580.448446,0.609403
581.104726,0.656280
581.745380,0.640654
582.386034,0.640654
583.057940,0.671906
583.682969,0.625029
584.323623,0.640654
584.979903,0.656280
585.620558,0.640654
586.198709,0.578151
591.058306,0.625029
591.730212,0.671906
592.402118,0.671906
593.042772,0.640654
593.683427,0.640654
594.292830,0.609403
594.949110,0.656280
595.605390,0.656280
596.277295,0.671906
596.917950,0.640654
597.527353,0.609403
598.168007,0.640654
598.839913,0.671906
599.433690,0.593777
600.105596,0.671906
600.761876,0.656280
601.449407,0.687531
602.136939,0.687531
602.902599,0.765660
603.668259,0.765660
604.402667,0.734409
605.152702,0.750034
605.871485,0.718783
606.559016,0.687531
607.184045,0.625029
607.840325,0.656280
608.574733,0.734409
609.152885,0.578151
609.840416,0.687531
610.527948,0.687531
611.277982,0.750034
611.918636,0.640654
612.606168,0.687531
613.246822,0.640654
613.856225,0.609403
614.543756,0.687531
615.184411,0.640654
615.762562,0.578151
616.387591,0.625029
617.043871,0.656280
617.762654,0.718783
618.450185,0.687531
619.137717,0.687531
619.809623,0.671906
620.403400,0.593777
621.059680,0.656280
621.731586,0.671906
622.340988,0.609403
622.966017,0.625029
623.622297,0.656280
624.262951,0.640654
624.919231,0.656280
625.575511,0.656280
626.263043,0.687531
626.934949,0.671906
627.606854,0.671906
628.294386,0.687531
628.981917,0.687531
629.638197,0.656280
630.278852,0.640654
630.935132,0.656280
631.575786,0.640654
634.591549,0.578151
635.279081,0.687531
635.888484,0.609403
639.966795,0.703157
640.732455,0.765660
641.388735,0.656280
642.076267,0.687531
642.763798,0.687531
643.482581,0.718783
644.091984,0.609403
644.732638,0.640654
645.373293,0.640654
645.998321,0.625029
646.623350,0.625029
647.264004,0.640654
647.842156,0.578151
648.467184,0.625029
649.139090,0.671906
649.795370,0.656280
650.467276,0.671906
651.107930,0.640654
651.842339,0.734409
652.514245,0.671906
653.170525,0.656280
653.889307,0.718783
654.576839,0.687531
655.264370,0.687531
655.873773,0.609403
656.514428,0.640654
657.155082,0.640654
657.873865,0.718783
658.655151,0.781286
659.420811,0.765660
660.170845,0.750034
660.920879,0.750034
661.655288,0.734409
662.311568,0.656280
663.014725,0.703157
663.671005,0.656280
664.327285,0.656280
664.967940,0.640654
665.608594,0.640654
666.233623,0.625029
666.874277,0.640654
667.499305,0.625029
668.139960,0.640654
668.764988,0.625029
669.436894,0.671906
670.046297,0.609403
670.640074,0.593777
671.171349,0.531274
671.765126,0.593777
672.358903,0.593777
672.937054,0.578151
673.593334,0.656280
674.312117,0.718783
678.437306,0.734409
679.171715,0.734409
679.890498,0.718783
680.593655,0.703157
681.296812,0.703157
681.953092,0.656280
682.640624,0.687531
683.312529,0.671906
684.015687,0.703157
684.687592,0.671906
685.359498,0.671906
686.062655,0.703157
686.750187,0.687531
687.422092,0.671906
688.093998,0.671906
688.812781,0.718783
689.500313,0.687531
690.187844,0.687531
690.891001,0.703157
691.594158,0.703157
692.312941,0.718783
693.016098,0.703157
693.703630,0.687531
694.438039,0.734409
695.156821,0.718783
695.906856,0.750034
696.594387,0.687531
697.266293,0.671906
697.938199,0.671906
698.594479,0.656280
699.219507,0.625029
699.860162,0.640654
700.532068,0.671906
701.297728,0.765660
701.985259,0.687531
702.719668,0.734409
703.485328,0.765660
704.141608,0.656280
704.907268,0.765660
705.844811,0.937543
708.876199,0.671906
709.532480,0.656280
710.110631,0.578151
710.798162,0.687531
711.470068,0.671906
712.126348,0.656280
712.845131,0.718783
717.376589,0.734409
718.048494,0.671906
718.720400,0.671906
719.407932,0.687531
720.064212,0.656280
720.736117,0.671906
721.439275,0.703157
722.017426,0.578151
722.658080,0.640654
723.314360,0.656280
723.970640,0.656280
724.642546,0.671906
725.298826,0.656280
725.986358,0.687531
726.627012,0.640654
727.298918,0.671906
727.908321,0.609403
728.517724,0.609403
729.127126,0.609403
729.752155,0.625029
730.345932,0.593777
730.939709,0.593777
731.564738,0.625029
732.283521,0.718783
732.924175,0.640654
733.564830,0.640654
734.267987,0.703157
734.893015,0.625029
735.471167,0.578151
736.064944,0.593777
736.643095,0.578151
737.236873,0.593777
737.924404,0.687531
738.565058,0.640654
739.221339,0.656280
739.893244,0.671906
740.549524,0.656280
741.221430,0.671906
741.830833,0.609403
742.424610,0.593777
743.049639,0.625029
748.596768,0.625029
749.237422,0.640654
749.893702,0.656280
750.596859,0.703157
751.268765,0.671906
751.878168,0.609403
752.518822,0.640654
753.143851,0.625029
753.753254,0.609403
754.472037,0.718783
755.065814,0.593777
755.659591,0.593777
756.268994,0.609403
756.878397,0.609403
757.550303,0.671906
758.253460,0.703157
761.425480,0.625029
762.050508,0.625029
762.675537,0.625029
763.238063,0.562526
763.847466,0.609403
764.441243,0.593777
765.035020,0.593777
765.644423,0.609403
766.300703,0.656280
766.925732,0.625029
767.566386,0.640654
768.238292,0.671906
768.863320,0.625029
769.535226,0.671906
770.175880,0.640654
770.800909,0.625029
771.425938,0.625029
772.082218,0.656280
772.675995,0.593777
773.269772,0.593777
773.910426,0.640654
774.566706,0.656280
775.238612,0.671906
775.910518,0.671906
776.551172,0.640654
777.207452,0.656280
777.848107,0.640654
778.504387,0.656280
779.113790,0.609403
779.691941,0.578151
784.614041,0.609403
785.207819,0.593777
785.848473,0.640654
793.442570,0.734409
794.114476,0.671906
794.817633,0.703157
795.505165,0.687531
796.192696,0.687531
796.864602,0.671906
797.536508,0.671906
798.192788,0.656280
798.849068,0.656280
799.474097,0.625029
800.067874,0.593777
800.677277,0.609403
801.224177,0.546900
801.802328,0.578151
802.427357,0.625029
803.114888,0.687531
803.771168,0.656280
804.443074,0.671906
805.114980,0.671906
805.786885,0.671906
806.443166,0.656280
807.068194,0.625029
807.849480,0.781286
810.724612,0.593777
811.349640,0.625029
812.005920,0.656280
812.677826,0.671906
813.318480,0.640654
813.974760,0.656280
814.615415,0.640654
815.256069,0.640654
815.881098,0.625029
816.490500,0.609403
817.115529,0.625029
817.709306,0.593777
818.349961,0.640654
818.928112,0.578151
819.521889,0.593777
820.115666,0.593777
820.740695,0.625029
821.381349,0.640654
821.990752,0.609403
822.615781,0.625029
823.256435,0.640654
823.881464,0.625029
830.506767,0.593777
831.116170,0.609403
831.741199,0.625029
834.678833,0.593777
835.256984,0.578151
835.850762,0.593777
836.444539,0.593777
837.069567,0.625029
837.663345,0.593777
838.288373,0.625029
838.913402,0.625029
839.569682,0.656280
840.132208,0.562526
840.835365,0.703157
843.976134,0.625029
844.648039,0.671906
847.929440,0.812537
853.679703,0.609403
854.242229,0.562526
854.804754,0.562526
855.461034,0.656280
855.992309,0.531274
856.664214,0.671906
857.320494,0.656280
860.414386,0.593777
861.008163,0.593777
861.555063,0.546900
862.117589,0.562526
862.742618,0.625029
863.383272,0.640654
863.961423,0.578151
864.602078,0.640654
865.227106,0.625029
865.883386,0.656280
866.539666,0.656280
871.649275,0.703157
872.258678,0.609403
877.462041,0.656280
878.071444,0.609403
878.712099,0.640654
879.337127,0.625029
886.431202,0.625029
887.071856,0.640654
887.743762,0.671906
888.384416,0.640654
889.025071,0.640654
899.869317,0.609403
900.509971,0.640654
901.150626,0.640654
901.791280,0.640654
902.416309,0.625029
903.010086,0.593777
903.619489,0.609403
904.228892,0.609403
904.791417,0.562526
905.385195,0.593777
905.994597,0.609403
906.619626,0.625029
907.322783,0.703157
907.947812,0.625029
908.619718,0.671906
909.275998,0.656280
909.947903,0.671906
910.588558,0.640654
913.619946,0.593777
914.229349,0.609403
914.870004,0.640654
915.510658,0.640654
916.213815,0.703157
916.916972,0.703157
917.588878,0.671906
918.307661,0.718783
918.948315,0.640654
919.604595,0.656280
920.245250,0.640654
920.885904,0.640654
921.526558,0.640654
922.104710,0.578151
922.729738,0.625029
923.292264,0.562526
923.854790,0.562526
924.495444,0.640654
925.214227,0.718783
925.933010,0.718783
926.651793,0.718783
927.339324,0.687531
928.011230,0.671906
931.058245,0.562526
931.652022,0.593777
932.277050,0.625029
932.870828,0.593777
933.448979,0.578151
934.042756,0.593777
934.620908,0.578151
