1428497533.000000, IBI
37.095448,0.812537
37.907985,0.812537
38.814277,0.906291
39.736194,0.921917
40.626860,0.890666
41.439397,0.812537
42.236308,0.796911
43.158226,0.921917
44.111394,0.953169
45.064563,0.953169
45.892726,0.828163
46.720889,0.828163
47.549052,0.828163
48.439717,0.890666
49.330383,0.890666
50.127295,0.796911
50.924206,0.796911
51.783620,0.859414
56.549464,0.875040
57.424504,0.875040
58.283918,0.859414
59.080829,0.796911
59.924618,0.843789
60.924664,1.000046
61.940335,1.015671
62.799750,0.859414
63.737293,0.937543
64.690461,0.953169
65.534250,0.843789
66.315536,0.781286
67.174950,0.859414
68.128119,0.953169
69.065661,0.937543
70.034456,0.968794
71.034502,1.000046
71.940793,0.906291
72.753330,0.812537
73.597119,0.843789
74.472159,0.875040
75.300322,0.828163
76.097233,0.796911
76.987899,0.890666
77.941068,0.953169
78.784856,0.843789
79.753651,0.968794
80.706819,0.953169
81.581859,0.875040
82.347519,0.765660
92.410480,0.875040
93.238643,0.828163
94.035554,0.796911
94.894969,0.859414
95.754383,0.859414
96.566920,0.812537
97.316955,0.750034
98.113866,0.796911
98.926403,0.812537
99.785818,0.859414
100.567103,0.781286
101.379641,0.812537
102.317183,0.937543
103.301604,0.984420
104.176644,0.875040
105.004807,0.828163
105.926724,0.921917
106.817389,0.890666
107.723681,0.906291
108.520592,0.796911
109.333130,0.812537
110.208170,0.875040
111.161338,0.953169
112.005127,0.843789
112.880167,0.875040
113.817710,0.937543
114.755253,0.937543
115.599041,0.843789
116.489707,0.890666
117.349122,0.859414
118.161659,0.812537
118.958570,0.796911
119.802359,0.843789
120.677399,0.875040
121.505562,0.828163
122.302473,0.796911
123.224391,0.921917
124.177559,0.953169
125.036973,0.859414
125.865136,0.828163
126.787054,0.921917
127.724597,0.937543
128.537134,0.812537
129.380922,0.843789
130.302840,0.921917
131.209131,0.906291
132.021668,0.812537
132.881083,0.859414
133.756123,0.875040
134.584285,0.828163
135.459326,0.875040
136.365617,0.906291
137.225031,0.859414
138.053194,0.828163
138.943860,0.890666
139.803274,0.859414
140.600186,0.796911
141.428349,0.828163
142.334640,0.906291
143.272183,0.937543
144.100346,0.828163
144.928509,0.828163
145.834800,0.906291
146.772343,0.937543
147.631758,0.859414
148.444295,0.812537
149.319335,0.875040
150.241252,0.921917
151.116292,0.875040
151.913204,0.796911
152.788244,0.875040
153.694535,0.906291
154.647704,0.953169
155.475867,0.828163
156.319655,0.843789
157.194695,0.875040
158.100987,0.906291
158.944776,0.843789
159.819816,0.875040
160.710481,0.890666
161.601147,0.890666
162.398059,0.796911
172.554774,0.906291
190.789984,0.812537
191.618146,0.828163
192.524438,0.906291
193.415104,0.890666
194.212015,0.796911
195.055804,0.843789
195.930844,0.875040
196.837135,0.906291
197.665298,0.828163
198.493461,0.828163
199.352875,0.859414
200.274793,0.921917
201.118581,0.843789
202.024873,0.906291
202.978041,0.953169
230.182412,0.843789
230.994949,0.812537
231.776235,0.781286
232.651275,0.875040
233.573192,0.921917
234.385729,0.812537
235.182641,0.796911
236.057681,0.875040
236.979598,0.921917
237.807761,0.828163
238.604672,0.796911
239.479712,0.875040
240.417255,0.937543
241.339172,0.921917
242.136084,0.796911
242.995498,0.859414
243.917415,0.921917
244.823707,0.906291
245.651870,0.828163
246.526910,0.875040
247.495704,0.968794
248.448873,0.953169
249.277036,0.828163
250.198953,0.921917
251.089619,0.890666
251.964659,0.875040
252.777196,0.812537
253.652236,0.875040
254.542902,0.890666
261.808859,0.765660
262.637022,0.828163
263.543314,0.906291
264.527734,0.984420
265.480902,0.953169
274.106297,1.000046
274.981337,0.875040
275.778249,0.796911
276.684540,0.906291
277.622083,0.937543
278.512749,0.890666
279.294035,0.781286
280.153449,0.859414
281.044115,0.890666
282.012909,0.968794
282.903575,0.890666
283.716112,0.812537
284.638029,0.921917
285.622449,0.984420
286.622495,1.000046
287.560038,0.937543
288.356950,0.796911
306.467154,0.859414
307.357819,0.890666
308.279737,0.921917
309.170402,0.890666
309.967314,0.796911
310.764225,0.796911
311.576762,0.812537
312.420551,0.843789
313.295591,0.875040
314.092503,0.796911
314.936291,0.843789
315.795706,0.859414
316.717623,0.921917
331.390169,0.750034
332.171455,0.781286
332.952741,0.781286
333.796530,0.843789
334.562190,0.765660
335.359101,0.796911
336.171638,0.812537
337.015427,0.843789
337.890467,0.875040
338.703004,0.812537
339.531167,0.828163
361.157157,0.765660
361.907191,0.750034
362.625974,0.718783
363.407260,0.781286
364.251049,0.843789
365.172966,0.921917
366.110509,0.937543
367.016800,0.906291
367.923092,0.906291
368.829383,0.906291
369.735675,0.906291
370.548212,0.812537
371.313872,0.765660
385.564524,0.890666
386.455190,0.890666
387.330230,0.875040
388.205270,0.875040
388.986556,0.781286
389.767842,0.781286
390.642882,0.875040
391.611676,0.968794
392.517967,0.906291
393.377382,0.859414
394.268048,0.890666
395.189965,0.921917
396.111882,0.921917
396.908793,0.796911
397.752582,0.843789
398.596371,0.843789
399.471411,0.875040
400.330825,0.859414
401.158988,0.828163
414.737735,0.828163
415.534646,0.796911
416.378435,0.843789
417.237849,0.859414
418.097263,0.859414
418.925426,0.828163
419.659835,0.734409
420.362992,0.703157
421.034898,0.671906
433.769856,0.796911
434.598019,0.828163
435.394930,0.796911
436.160590,0.765660
436.988753,0.828163
437.832542,0.843789
438.723207,0.890666
439.535745,0.812537
440.363908,0.828163
441.254573,0.890666
442.192116,0.937543
443.129659,0.937543
454.255168,0.906291
455.114583,0.859414
455.989623,0.875040
475.428013,0.703157
476.240550,0.812537
477.084338,0.843789
477.896876,0.812537
478.740664,0.843789
479.506324,0.765660
480.318861,0.812537
481.115773,0.796911
481.865807,0.750034
482.662719,0.796911
483.412753,0.750034
509.898340,0.750034
510.585872,0.687531
511.367158,0.781286
512.179695,0.812537
527.914790,0.796911
528.774204,0.859414
529.617993,0.843789
530.477407,0.859414
531.258693,0.781286
532.086856,0.828163
532.961896,0.875040
533.805685,0.843789
534.665099,0.859414
535.493262,0.828163
536.352676,0.859414
537.212091,0.859414
538.009002,0.796911
538.852791,0.843789
539.712205,0.859414
540.555994,0.843789
541.399782,0.843789
542.290448,0.890666
550.665832,0.859414
551.447117,0.781286
552.228403,0.781286
553.040940,0.812537
553.869103,0.828163
554.681640,0.812537
555.431675,0.750034
556.244212,0.812537
557.072375,0.828163
557.884912,0.812537
558.666198,0.781286
559.478735,0.812537
560.291272,0.812537
561.056932,0.765660
561.885095,0.828163
572.291821,0.734409
572.994979,0.703157
573.745013,0.750034
574.479422,0.734409
575.245082,0.765660
575.963865,0.718783
576.682647,0.718783
577.417056,0.734409
578.182716,0.765660
578.995253,0.812537
579.760913,0.765660
599.652449,0.812537
600.418109,0.765660
601.183769,0.765660
601.965055,0.781286
638.201088,0.812537
639.013626,0.812537
639.763660,0.750034
640.529320,0.765660
641.294980,0.765660
642.060640,0.765660
642.841926,0.781286
643.654463,0.812537
644.498252,0.843789
645.295163,0.796911
646.045197,0.750034
646.795232,0.750034
647.560892,0.765660
648.373429,0.812537
649.154715,0.781286
649.904749,0.750034
650.654783,0.750034
651.404818,0.750034
652.217355,0.812537
652.967389,0.750034
653.733049,0.765660
654.498709,0.765660
655.311247,0.812537
656.155035,0.843789
656.951947,0.796911
657.686355,0.734409
658.436390,0.750034
659.202050,0.765660
659.967710,0.765660
660.702118,0.734409
661.467778,0.765660
662.249064,0.781286
663.092853,0.843789
663.874139,0.781286
691.000380,0.828163
691.828543,0.828163
692.641080,0.812537
693.406740,0.765660
694.219278,0.812537
695.078692,0.859414
695.984983,0.906291
696.906901,0.921917
697.766315,0.859414
698.563226,0.796911
699.360138,0.796911
700.188301,0.828163
700.985212,0.796911
701.782124,0.796911
702.672790,0.890666
703.579081,0.906291
704.454121,0.875040
705.219781,0.765660
706.063570,0.843789
706.813604,0.750034
707.532387,0.718783
708.219918,0.687531
709.001204,0.781286
709.594981,0.593777
710.235636,0.640654
710.938793,0.703157
711.704453,0.765660
712.641996,0.937543
721.001754,0.859414
721.829916,0.828163
722.673705,0.843789
723.454991,0.781286
724.251902,0.796911
725.111317,0.859414
726.017608,0.906291
726.877023,0.859414
727.736437,0.859414
728.720857,0.984420
729.705277,0.984420
730.580317,0.875040
731.455357,0.875040
732.361649,0.906291
733.283566,0.921917
734.127354,0.843789
734.939892,0.812537
735.752429,0.812537
736.596217,0.843789
737.393129,0.796911
761.097339,0.890666
761.925502,0.828163
768.894571,0.703157
769.691482,0.796911
770.441517,0.750034
771.207177,0.765660
772.004088,0.796911
772.847877,0.843789
773.691665,0.843789
774.441700,0.750034
775.238611,0.796911
776.082400,0.843789
776.973066,0.890666
777.863731,0.890666
778.707520,0.843789
779.473180,0.765660
780.223214,0.750034
781.004500,0.781286
781.832663,0.828163
782.692077,0.859414
783.535866,0.843789
784.442158,0.906291
785.379700,0.937543
786.301618,0.921917
793.005049,0.656280
793.676955,0.671906
794.286358,0.609403
795.036392,0.750034
795.755175,0.718783
796.630215,0.875040
797.474004,0.843789
798.302167,0.828163
799.020950,0.718783
799.755358,0.734409
800.458516,0.703157
804.693084,0.750034
805.411867,0.718783
806.161902,0.750034
806.974439,0.812537
807.755725,0.781286
808.552636,0.796911
809.396425,0.843789
810.271465,0.875040
811.162131,0.890666
812.005919,0.843789
812.880959,0.875040
813.724748,0.843789
819.959408,0.718783
824.240854,0.703157
824.944011,0.703157
825.662794,0.718783
826.397203,0.734409
827.115986,0.718783
827.881646,0.765660
828.647306,0.765660
829.397340,0.750034
830.147375,0.750034
830.928660,0.781286
